10001100000000010000000001100100
10001100000000100000000001101000
10001100000000110000000001101100
00110100000001000000000000000000
10001100000001010000000001110000
00010000100000010000000000001011
10001100101001100000000000000000
00000000010001100011100000101010
00010000000001110000000000000001
00000000000001100001000000100000
00000000110000110011100000101010
00010000000001110000000000000001
00000000000001100001100000100000
00100000100001000000000000000001
00100000101001010000000000000100
00001000000000000000000000000101

10101100000000100000000010011100
10101100000000110000000010100000






00000000000000000000000000001010
10000000000000000000000000000000
01111111111111111111111111111111
00000000000000000000000001110100
00000000000000000000000101000001
11111111111111111111111111110100
00000000000000000000000010000110
00000000000000000000000000000000
11111111110101111111000001110011
00000000000100110010110101001101
00000000000000000000000000000011
00000000000000000000000000000000
00000000000000000000000000001001
11111111111111111111111111101001