10001100000000010000000001011000
10001100000000100000000001011100
10001100000000110000000001100000
10001100000001000000000001100100
10001100000001010000000001101000
10001100000001100000000001101100
00000000001000100001100000100000
10101100000000110000000000011100














00000000000000000000000000000001
00000000000000000000000000000010
00000000000000000000000000000011
00000000000000000000000000000100
00000000000000000000000000000101
00000000000000000000000000000110
00000000000000000000000000000111
00000000000000000000000000001000
00000000000000000000000000001001
00000000000000000000000000001010